%YAML:1.0
---
K: !!opencv-matrix
   rows: 3
   cols: 3
   dt: d
   data: [ 5.2271855618533675e+02, 0., 3.0604007356002359e+02, 0.,
       5.2340030345920604e+02, 2.3773295134885427e+02, 0., 0., 1. ]
D: !!opencv-matrix
   rows: 1
   cols: 5
   dt: d
   data: [ -1.4250781113762351e-01, 3.1693870538887536e-01,
       -3.7209098089733097e-04, 4.4881804071845686e-03,
       -1.8591394637863190e-01 ]
