%YAML:1.0
---
K: !!opencv-matrix
   rows: 3
   cols: 3
   dt: d
   data: [ 5.2475746895001339e+02, 0., 3.0657110220081842e+02, 0.,
       5.2435280557210842e+02, 2.4062916485057821e+02, 0., 0., 1. ]
D: !!opencv-matrix
   rows: 1
   cols: 5
   dt: d
   data: [ -1.7127984527816925e-01, 5.5149929052702373e-01,
       2.6491520626364673e-03, -1.1418268923624480e-04,
       -7.4303084192017110e-01 ]
