%YAML:1.0
---
K1: !!opencv-matrix
   rows: 3
   cols: 3
   dt: d
   data: [ 5.2271855618533675e+02, 0., 3.0604007356002359e+02, 0.,
       5.2340030345920604e+02, 2.3773295134885427e+02, 0., 0., 1. ]
D1: !!opencv-matrix
   rows: 1
   cols: 5
   dt: d
   data: [ -1.4250781113762351e-01, 3.1693870538887536e-01,
       -3.7209098089733097e-04, 4.4881804071845686e-03,
       -1.8591394637863190e-01 ]
K2: !!opencv-matrix
   rows: 3
   cols: 3
   dt: d
   data: [ 5.2475746895001339e+02, 0., 3.0657110220081842e+02, 0.,
       5.2435280557210842e+02, 2.4062916485057821e+02, 0., 0., 1. ]
D2: !!opencv-matrix
   rows: 1
   cols: 5
   dt: d
   data: [ -1.7127984527816925e-01, 5.5149929052702373e-01,
       2.6491520626364673e-03, -1.1418268923624480e-04,
       -7.4303084192017110e-01 ]
R: !!opencv-matrix
   rows: 3
   cols: 3
   dt: d
   data: [ 9.9999855255125736e-01, -9.9727639198199684e-04,
       1.3785264553682029e-03, 8.4525528687734864e-04,
       9.9434567759641390e-01, 1.0618831851398981e-01,
       -1.4766309255059445e-03, -1.0618699960506721e-01,
       9.9434508128515597e-01 ]
T: !!opencv-matrix
   rows: 3
   cols: 1
   dt: d
   data: [ -8.3410168397389822e-02, 1.7154490296172281e-03,
       -4.5036916674363889e-03 ]
E: !!opencv-matrix
   rows: 3
   cols: 3
   dt: d
   data: [ 1.2736841041041077e-06, 4.2960679573118814e-03,
       2.1839877500658216e-03, -4.6268511827307927e-03,
       -8.8525840932955225e-03, 8.2932282217000747e-02,
       -1.7859494324099108e-03, -8.2936829636714685e-02,
       -8.8595503209577195e-03 ]
F: !!opencv-matrix
   rows: 3
   cols: 3
   dt: d
   data: [ -4.0641080172972394e-10, -1.3690162513762011e-06,
       -3.8683858003480298e-05, 1.4774883912820073e-06,
       2.8232059102950669e-06, -1.4966335321450419e-02,
       -5.6360815560388255e-05, 1.3609303132015072e-02, 1. ]
R1: !!opencv-matrix
   rows: 3
   cols: 3
   dt: d
   data: [ 9.9823657771150809e-01, -2.7135671589424027e-02,
       5.2795740796083589e-02, 2.4290359309194931e-02,
       9.9825583393451012e-01, 5.3807698894729514e-02,
       -5.4163764302774663e-02, -5.2430385685274097e-02,
       9.9715462256033638e-01 ]
R2: !!opencv-matrix
   rows: 3
   cols: 3
   dt: d
   data: [ 9.9833497490530365e-01, -2.0532182068918107e-02,
       5.3904613720121120e-02, 2.3368962510232592e-02,
       9.9834565423154842e-01, -5.2534239008258994e-02,
       -5.2736794290343586e-02, 5.3706463079133550e-02,
       9.9716319945709375e-01 ]
P1: !!opencv-matrix
   rows: 3
   cols: 4
   dt: d
   data: [ 1.7973196737377651e+02, 0., 2.7888744735717773e+02, 0., 0.,
       1.7973196737377651e+02, 2.4425584983825684e+02, 0., 0., 0., 1.,
       0. ]
P2: !!opencv-matrix
   rows: 3
   cols: 4
   dt: d
   data: [ 1.7973196737377651e+02, 0., 2.7888744735717773e+02,
       -1.5016476475206003e+01, 0., 1.7973196737377651e+02,
       2.4425584983825684e+02, 0., 0., 0., 1., 0. ]
Q: !!opencv-matrix
   rows: 4
   cols: 4
   dt: d
   data: [ 1., 0., 0., -2.7888744735717773e+02, 0., 1., 0.,
       -2.4425584983825684e+02, 0., 0., 0., 1.7973196737377651e+02, 0.,
       0., 1.1968984046992347e+01, 0. ]
